0.0
-0.00199270132007
-0.00754988681498
-0.0160140817649
-0.0275426023112
-0.0422281651986
-0.0562238770269
-0.0597287946441
-0.0432097988688
-0.00774305939332
0.0344278548276
0.073309902622
0.112560732046
0.163113770509
0.228283007939
0.302779520421
0.386213352179
0.487033310648
0.606853456612
0.729114785656
0.834801699057
0.927582190055
1.03146489114
1.15960360422
1.29474927023
1.40851888265
1.49511963672
1.57672945314
1.67584667846
1.79095642721
1.90348312604
2.00261000683
2.09522239174
2.19138182701
2.28773738026
2.37172287984
2.43973280181
2.5022927726
2.56686716113
2.62231905423
2.65039408276
2.6524645485
2.65552151421
2.6882574149
2.75975581604
2.86815775122
3.02189604457
3.23913535676
3.52582142664
3.86347286626
4.21905038503
4.55607591059
4.83262070472
5.00200431342
5.0307297327
4.91546764427
4.67322569595
4.31488730296
3.83873676655
3.25424940501
2.60306480043
1.94600838697
1.32927284786
0.767839520242
0.259321584607
-0.194933187993
-0.585430058256
-0.903432854733
-1.14602227787
-1.31330153447
-1.40728310397
-1.4359412543
-1.41486915503
-1.36246739116
-1.29443896307
-1.22176863502
-1.14904030869
-1.07342384362
-0.991242639087
-0.909058521585
-0.841662310114
-0.792457293359
-0.742688202092
-0.672565499998
-0.590983000624
-0.528909980988
-0.498603691294
-0.473691679139
-0.42073624495
-0.34128567514
-0.268740694051
-0.226466522827
-0.201769149151
-0.163355832795
-0.095679146749
-0.0123072540022
0.059729882547
0.105693252707
0.134992070078
0.167976555633
0.211265297286
