0.0
0.0036165131716699994
0.014042523847899502
0.03217865615287341
0.058423934426973245
0.09195299270500856
0.1306137977408972
0.17143508529330476
0.21135224073123327
0.24783793167812107
0.27945107284425474
0.3064404264479767
0.3312619283262683
0.35849762224486903
0.39374166539733413
0.4417059924133866
0.5045491342469979
0.5814926788297154
0.6699928476973345
0.7676517512170689
0.8734939324108792
0.9876676185886132
1.1098162345632079
1.2374173814774898
1.365459252579528
1.4878918709613491
1.6001213313427867
1.7012087938953568
1.794620960048921
1.8870621793649578
1.985681810998667
2.094548248547936
2.211665281753764
2.3279338029604526
2.429118404668282
2.5008211854019073
2.534866470641563
2.534205278546565
2.5135626755468503
2.495014478222042
2.5005904113492075
2.545933254213339
2.6383998953741403
2.779920546887834
2.971491974711491
3.214899174383846
3.509249867995824
3.8439631906791707
4.193173277844773
4.516597217602316
4.768430021565847
4.9109123953720095
4.926041754991365
4.819519979428374
4.615080783359117
4.342343114667909
4.024414396927436
3.6711127473071743
3.280394425914171
2.846291628657246
2.3686233072357186
1.8593333364840134
1.3424128530100108
0.8476476985681999
0.401323726724901
0.018371681031216114
-0.30030398268134373
-0.5641561688006927
-0.7851189968189479
-0.9699292706602881
-1.1169021713198766
-1.2187340304689793
-1.2692187268826909
-1.2694400578819192
-1.229585191470317
-1.1655525162784137
-1.092849491490497
-1.021644633314668
-0.9555377095039704
-0.8938570954328843
-0.83512856052071
-0.7790996906563658
-0.7261830931052166
-0.6751694349304526
-0.6212583162880981
-0.5562811771074619
-0.47172676329177843
-0.3635663577233489
-0.23664232133102037
-0.10604091292101692
0.006289608463626917
0.07939609395090463
0.1027746752978147
0.08272908353259434
0.04145587536286155
0.007995758274127018
0.004861587310204585
0.03736445074666506
0.09197202867524124
0.14521489816691813
0.1782718361339235
