0.0
-0.002260902521207586
-0.008027896165492598
-0.016679964681173498
-0.028434554598407824
-0.04326245636032433
-0.0569149029882946
-0.059313888038719065
-0.041341143567526606
-0.004979145502596816
0.037162653551463865
0.07579811784040758
0.11547611542799885
0.16703882989736785
0.23302174274056914
0.3079996054662127
0.3922925364577901
0.4945190182025383
0.6151898440278543
0.7367953126378255
0.8411807692523456
0.9338797139172403
1.0392810058289566
1.168731639504276
1.3032417579133728
1.4150048586029311
1.5003897097647427
1.5826587653107165
1.6831888839881874
1.7987513058625968
1.9105162706297847
2.0088428375807803
2.1014696597565123
2.1979258131045514
2.293847200801966
2.376694512344726
2.4439208098455523
2.506549711524486
2.5710705865158925
2.6251837675446685
2.651150832984085
2.652258352397649
2.65655894224085
2.6918322938379
2.7658302183878827
2.8768099981745645
3.0342190449161164
3.2561635549565002
3.5470705531371975
3.887013941430366
4.242516531491672
4.576906170258039
4.847742613540784
5.008507240679582
5.027389142104937
4.903063056082815
4.652927698920099
4.286835658988902
3.8028664630264255
3.21227193581016
2.558782711838607
1.9033081230050293
1.2901118474627462
0.7323304073692936
0.22727465355022808
-0.22307283029882052
-0.6089480840777503
-0.9219573484824429
-1.159510557336103
-1.3218018336953485
-1.41108948916861
-1.4358796705663521
-1.412154382388421
-1.3582697011895917
-1.289648014339527
-1.2169167676578483
-1.1441512680140877
-1.0681504521553995
-0.9856138225708951
-0.9039554560829562
-0.8379153730417718
-0.7894501978428562
-0.7387425194235259
-0.6671862153318456
-0.5859053950148577
-0.526004120701658
-0.49722241390210653
-0.4712616133483981
-0.4159918734608855
-0.3358207621232071
-0.2649219675562129
-0.2245993220287803
-0.19995598385690405
-0.15975182345224548
-0.09032393335101974
-0.006872255429895446
0.06362829063611752
0.10794320798929058
0.13688183004282256
0.17060774998204065
0.21423905390730108
