0.0
0.004919253414866431
0.0011212742955472033
-0.02336884226297964
-0.042882160147927006
-0.04746324426665949
-0.06819313995891607
-0.09422592942876185
-0.07531150849941337
-0.027317069966549035
-0.003224766250000455
0.006894501162730937
0.04888085757611893
0.13358355650082038
0.23167631272486433
0.315287585831129
0.40042048382072665
0.5143150321810211
0.6380928626154228
0.7466845759334937
0.8503994122550945
0.9605771316672641
1.0786893485879177
1.19352710693332
1.2822193503361894
1.3658059661200892
1.4813930633594623
1.5997021529577058
1.689716448539183
1.7815837460433523
1.8917134401063578
1.995720618561593
2.0830697390501642
2.1731189946313547
2.2805095211474224
2.377752425489205
2.433810340199755
2.481744366357442
2.5591435544511283
2.6308640140262467
2.6662451417248945
2.6933847802518547
2.7297615980459873
2.7743498664253776
2.841242518827783
2.9348505114377494
3.0598686965166313
3.2355463520323045
3.462425152890859
3.7388836456571095
4.063505204799781
4.379562405751058
4.626852442732941
4.82489036179585
4.979436539198883
4.999210285425013
4.822214372942124
4.492309917209479
4.041677686150647
3.4581798690552352
2.7845326138797777
2.099418892891195
1.4258961389902134
0.7688451357649001
0.18213992936070744
-0.2958993741529409
-0.6949151235887063
-1.0309825474622338
-1.2737814353654757
-1.417754731398535
-1.4940527765316722
-1.5314958850180331
-1.5359143374409188
-1.4902977387133696
-1.4016496372505047
-1.3124704032680314
-1.2276542493801845
-1.1089001174492499
-0.964571697450993
-0.8553466164847248
-0.7912427925816279
-0.723550096837148
-0.6520387584746192
-0.6110053458963038
-0.5774711093859404
-0.5284342590781117
-0.49450067733740655
-0.47209823460189515
-0.4275385124815556
-0.3847224837484198
-0.3572688980531781
-0.29704229368417423
-0.21625610207939605
-0.17384934369186789
-0.13724569326253988
-0.061048233019886156
0.015107698238206457
0.07306261054586705
0.14110047341975407
0.2016947896095635
0.23134565297431336
