0.0
0.00317323716922
0.0131169147799
0.0307162298741
0.0564308495613
0.0895283090646
0.12793425317
0.168709539816
0.208774470255
0.245548823919
0.277501140626
0.304748313179
0.329591787953
0.356494461783
0.391037485572
0.438052677729
0.499898867357
0.575972014617
0.663787648653
0.76088431385
0.86618191906
0.979795138548
1.10146084899
1.22883102308
1.35703263568
1.48001214042
1.59299955562
1.69476871393
1.78850773103
1.88077770369
1.97880610508
2.08697313317
2.20374782991
2.32047984405
2.42314992694
2.497174338
2.53377646152
2.53508783005
2.51513491836
2.49572031994
2.49910852305
2.54148648933
2.63071679073
2.7689454465
2.95712658392
3.19704220314
3.48817927242
3.82082374519
4.17019234847
4.49676787243
4.75471151925
4.90530528424
4.92899938068
4.82999211027
4.63115129579
4.36212244928
4.04674338857
3.69576457477
3.30773700374
2.87664222377
2.40165592294
1.89383886725
1.3765168756
0.879368124522
0.429196080158
0.0418423454956
-0.280901931717
-0.548018352672
-0.77154286604
-0.958724841875
-1.10841686489
-1.21350278596
-1.2674795926
-1.27082755492
-1.23318217445
-1.17024163545
-1.09772526143
-1.02624226066
-0.959788280247
-0.897865785035
-0.838964487214
-0.782739799225
-0.729621740257
-0.678585765127
-0.625095012185
-0.561140433222
-0.47809340289
-0.371470784416
-0.24543493801
-0.114437753757
-0.000174656228358
0.0760354283804
0.102733258913
0.0850355297248
0.0442809785456
0.00945608936639
0.0039112528305
0.0342775669728
0.0881058849933
0.142154955763
0.176853267329
