0.0
-0.00180220408821
0.00184802173098
0.023683659428
0.0640523282012
0.100279672759
0.139161416982
0.174881275564
0.204575671376
0.230942772084
0.25707772494
0.283862340259
0.315561776946
0.356364938644
0.409953603096
0.475482345108
0.555535554608
0.631043198817
0.710109682514
0.794654382391
0.88665217442
0.962206714305
1.0523770009
1.16068530985
1.28481534062
1.39779973233
1.51745215107
1.64086128455
1.76028005223
1.86767766199
1.96523892532
2.05665199508
2.14562144996
2.24565284073
2.32905622039
2.40626813981
2.48624303063
2.56843765756
2.64290700565
2.70585763424
2.77345511081
2.85867341112
2.94834906306
3.04120274949
3.15020493643
3.27236134037
3.40232802631
3.5431305595
3.70060961631
3.86977597318
4.04907116845
4.22600540532
4.39037389413
4.5428128289
4.58512734944
4.57026114078
4.37319217134
4.03283074064
3.63479958468
3.13651747376
2.58157818255
1.98186026536
1.38211120455
0.780185667685
0.261042532525
-0.143199692027
-0.460175132358
-0.689409836915
-0.925211494837
-1.1267679561
-1.3061201037
-1.4063740349
-1.44543801635
-1.39957592614
-1.32153037105
-1.22877918171
-1.11916119665
-1.04778558908
-0.976518860693
-0.901413069691
-0.812728288321
-0.736080362102
-0.661149808523
-0.590591003421
-0.532311187566
-0.488520416275
-0.460800328937
-0.429108531212
-0.399394476983
-0.363871492836
-0.316624860165
-0.26700462877
-0.217972929145
-0.173848011835
-0.130208774916
-0.0876467320406
-0.0458796207005
-0.00210492511273
0.0467225869625
0.0935071183584
0.0945015044111
