0.0
0.013232210343614659
0.002200160414513541
0.012036463434062616
0.03774533043965911
0.04711901080459335
0.07371952117560343
0.10917518769278067
0.1629423736096065
0.20051190625449633
0.24541704809813747
0.2888111394085239
0.33165666517973685
0.37994595854876795
0.43297790273637293
0.49182976383751154
0.556435408038161
0.6295207678620622
0.7082024795410377
0.789586625772119
0.8794354323977941
0.9750039764574889
1.0798080187605756
1.1891470201343277
1.3047015936002866
1.4240522592202653
1.539483212254265
1.6418920801403996
1.7447928284879226
1.8459381627377294
1.9487199756572302
2.0351350700442854
2.1227831985534342
2.214846825611415
2.3093525596132807
2.3942535005740035
2.4815551592566836
2.574617076694125
2.6652949065778757
2.7621534336388005
2.862295845252802
2.9673474750250786
3.07151737433382
3.1842583872097436
3.3006057770371715
3.4269204885676143
3.555089111473606
3.691865824971523
3.8284168232359894
3.963665894870059
4.095625864057078
4.221101478163779
4.355154984547435
4.430818546274796
4.467598811440765
4.4158764508705675
4.2496521658210415
3.9638204637565257
3.581005600365635
3.1120932767705276
2.5682390809562623
2.022512649568544
1.4505387423924003
0.9039857983578976
0.4115349561496182
-0.012264514376875812
-0.35912202329318277
-0.5790423908458046
-0.7970876356248159
-0.9206047307954833
-1.0139522857612913
-1.080870783545437
-1.1019318190099843
-1.1094238481310512
-1.0946507914617687
-1.053474787446357
-1.0281175897954058
-0.9859700435224986
-0.9384017834304571
-0.8740238198843885
-0.8194478438891516
-0.7567679941619186
-0.7063366566993833
-0.6520183471674242
-0.6091688181128955
-0.5651481567955515
-0.5286273007656729
-0.48367840399515216
-0.44001552295764157
-0.3935600437787111
-0.3551588923334651
-0.3198593007850471
-0.2671024240392853
-0.23082092512518915
-0.19349246901674266
-0.1571663809944388
-0.11706973384975705
-0.07843961440196012
-0.039932333313685175
-0.0026540826903291848
0.03423789083611206
