0.0
0.010251672423420066
0.03717623746801102
0.07736448893840397
0.12594420106019877
0.17773468831911965
0.2284217732215863
0.27542371458019166
0.3183552931952157
0.3591672125635512
0.4019214145560555
0.45194928612798163
0.5142061253000789
0.5911755840153186
0.6812997008599389
0.7789734451592234
0.8764969864103564
0.9673296067251027
1.0489967619384588
1.1238443981356374
1.197101286172725
1.2736204707924452
1.3555011158097414
1.4418899343934106
1.530661046268518
1.620621863166039
1.7127523234169428
1.8095917449801961
1.9130211572644125
2.0218514310875166
2.130954414207511
2.232675608230511
2.3196308136756527
2.387146431310982
2.43426600030379
2.46364705831069
2.4814103330333808
2.49747103714786
2.5257575466225166
2.583138730760121
2.6863401438008796
2.8473158772818943
3.068765065009611
3.341932624026553
3.647955981500541
3.962183996590703
4.259344249239584
4.5172203929795005
4.7177046533476386
4.845906246136754
4.8891745074695026
4.837560221183692
4.685757969991921
4.435286911666767
4.095569493781687
3.683462140413531
3.2216363384516153
2.7362041275488025
2.2535011581675173
1.796048232265882
1.3786113734990006
1.0060000328311405
0.6739855841434329
0.3735537531181836
0.09706226759624792
-0.15650190102566786
-0.37998502161094505
-0.5612540123584244
-0.6894656136514059
-0.7610062506707769
-0.7819241335638354
-0.7657726455856628
-0.7284332996361658
-0.6830117523220391
-0.6374246478631262
-0.5952495756202729
-0.558172902589906
-0.5274857591133744
-0.5032239274255386
-0.48185064099491437
-0.45502901254248873
-0.4117085021585649
-0.3435445676586726
-0.25098325028854407
-0.14606594909591353
-0.049288667307568645
0.018831126185330338
0.04746613434981539
0.04129575918857664
0.019194366052613154
0.006390416096914264
0.024031803131385754
0.08113504685966488
0.1723559511184709
0.28192664039987547
0.3911776994002
0.48578032096614376
0.5595892715623001
0.614064527591565
0.6545509591128649
0.6860431505215941
