0.0
0.00902395083129
0.0349207574087
0.0743659118108
0.122550602548
0.174276402684
0.225139827963
0.272425120589
0.315593006074
0.356440430881
0.398906270974
0.448279861861
0.509605992656
0.585594020451
0.674977047516
0.77237978455
0.870148153271
0.961559096158
1.04381255689
1.11896711496
1.19215809387
1.26835774908
1.3498808654
1.43603357328
1.52470344703
1.61457966481
1.70649435048
1.80293954282
1.90592304131
2.01451196809
2.12382069359
2.22628236189
2.3144061958
2.38328945832
2.43172427248
2.46213662087
2.48041057095
2.49619419074
2.52316146706
2.57805839931
2.6777537714
2.83467262377
3.05223495464
3.32244797986
3.62701239691
3.94149782885
4.24053245561
4.50163410987
4.70643613025
4.83987335335
4.88915132585
4.84409182
4.69900622032
4.45490808263
4.12069146891
3.71275797329
3.25345735278
2.76876178833
2.28511111491
1.82541220342
1.40504491352
1.02949287699
0.695030766823
0.392779951853
0.114816046738
-0.14041598337
-0.366256864543
-0.550728292851
-0.682692677933
-0.757928156184
-0.781858181075
-0.767678666822
-0.731292752222
-0.686104567438
-0.640381570579
-0.597918249393
-0.560457917595
-0.529318281718
-0.504686555248
-0.483329425676
-0.457208153482
-0.415312377536
-0.348914387813
-0.257730690056
-0.15305654248
-0.0550436340746
0.0154754865558
0.0467788141982
0.0424680325836
0.0206585157845
0.00647838507741
0.0216485981756
0.0761375577215
0.165495566806
0.274435154682
0.384231655509
0.480098825774
0.555317227271
0.610933514521
0.652174622733
0.684161895151
