0.0
-9.868461521822525e-05
0.002334243895482202
0.01620647141265541
0.0508968990615134
0.10138295262730423
0.14701153429464264
0.17537727283215188
0.2022353386514656
0.2565815390232892
0.34739059734608246
0.45413420464595317
0.5509756057021218
0.6342504638906172
0.723419761257989
0.8355181610269846
0.9599492542365693
1.0639715841702722
1.1286827684193452
1.1741022662258607
1.2377954204170747
1.3317729859633647
1.4347164847433747
1.5263477562301926
1.6112937506218077
1.7025754439288612
1.7984334939171995
1.887873237785148
1.9686256931751092
2.047847970543894
2.13117932062228
2.2188586950666
2.3064702613411274
2.3843423941470556
2.4441531905645357
2.491134928764556
2.541273051815195
2.6020376702783503
2.6659678961806788
2.7286668441153537
2.8014620978119673
2.89749020554259
3.0161299068887932
3.1546632475174787
3.3295076124788774
3.569094848276112
3.8797465272405374
4.2254173136915725
4.546491595979639
4.796362163107148
4.957271347557988
5.025514280156029
4.991626325295988
4.841027623271172
4.56967016535486
4.1912052188951865
3.728852750245499
3.2068923411951795
2.6511110126273345
2.089595410579901
1.5470004641573303
1.0403601596191367
0.5832277712622874
0.19005518972540736
-0.12749516763499358
-0.3659273857111631
-0.528879353161678
-0.6251477331294011
-0.6719346875783634
-0.6942172474183121
-0.7111973280960602
-0.7223342489270015
-0.7127484964852819
-0.6743601894052167
-0.6178573437733219
-0.5619233859395829
-0.5141270623892777
-0.46648302584514245
-0.4093812488496458
-0.34624167063022004
-0.2931089475365489
-0.2652629314151489
-0.2626795088268965
-0.26460809771892846
-0.24105124911677644
-0.17836936288717253
-0.09491297453106107
-0.02351166022952933
0.02277240246477208
0.05956726123888889
0.10719968103268596
0.17075448132488058
0.24520844687882593
0.3234773158294615
0.39261421254678963
0.4391850502668789
0.47043376481633387
0.5159275436236839
0.5937887959402581
0.685613767955511
0.7575527943285142
