0.0
-0.000110311768393
0.00194566141321
0.014693005756
0.0479249902611
0.0979139132797
0.144507667693
0.173851356259
0.199868547493
0.251742356121
0.34050918196
0.447118410002
0.545059079406
0.628790637559
0.716835974925
0.827369210656
0.951906754775
1.05824775964
1.12538266508
1.17086496449
1.23251681576
1.32490402504
1.42810798669
1.52061310035
1.60552420639
1.69623425393
1.79213910793
1.88222866156
1.96338234991
2.04246956921
2.12546743347
2.2129377704
2.3008045813
2.37967208635
2.44071359604
2.48808103752
2.53758437577
2.59776819482
2.66178129559
2.72436103886
2.79596794004
2.89031043124
3.00764407572
3.14460312307
3.31611603879
3.55075839958
3.8573417458
4.20247419249
4.52694444584
4.78240568978
4.94938308763
5.02398189065
4.99737576296
4.85487887494
4.59132256772
4.2193171102
3.7617993247
3.24304532488
2.68865114914
2.12667304791
1.58220864833
1.07274899049
0.611874444335
0.214005295125
-0.108794910079
-0.352446415937
-0.520222138264
-0.62051629122
-0.669865049012
-0.69301982087
-0.710126086118
-0.722058541661
-0.714293123176
-0.677689112028
-0.621788672032
-0.565384783366
-0.517169261485
-0.469897163428
-0.413501194685
-0.350349584433
-0.295978086672
-0.266219044314
-0.26238567171
-0.264966287084
-0.243855707999
-0.183551100451
-0.100425579013
-0.0274546423895
0.0202502018656
0.0569350807101
0.103500206566
0.166110114186
0.240029330789
0.318359692812
0.388621636423
0.436799155382
0.468269270516
0.511900936272
0.587785351378
0.6797881738
0.753814612626
