0.0
0.002985407424641817
0.004864509530344341
0.015873323184479093
0.055974271746777826
0.08459968987742306
0.09280491729736151
0.14665980656620203
0.2179453892589931
0.27516431956587384
0.3616286351708372
0.45546759962094047
0.5495259218314328
0.6545638090781359
0.7342525510093881
0.8214896072098034
0.9417349971841925
1.0486405532089245
1.1380328340638388
1.2229385983651655
1.3082457959690883
1.4045574050476253
1.4911962847403841
1.5567068151800845
1.6341178629808266
1.7315786799047885
1.8063425471349557
1.866211339189837
1.9640655388926187
2.0666587609523814
2.1328734577972375
2.202219437176787
2.2833523624905387
2.366614955674648
2.457022621520072
2.5196277901854676
2.5637666105049886
2.6303428874103467
2.689922702238774
2.7387533323487574
2.8171757694142787
2.9217527188461614
3.0410102520506572
3.181294360218308
3.3590696363603754
3.584096041683716
3.8393254844323046
4.115281762869146
4.401312580124882
4.664772259203111
4.866325322633205
4.983997639493156
5.025874383727326
4.957853716207075
4.735368688355074
4.389364306697754
3.9414126160510676
3.405357563927858
2.828898698445335
2.235342908089849
1.6404614660534866
1.0675925079744373
0.564888958903012
0.16718045740710263
-0.1704064730993422
-0.43514635533705803
-0.5846347804206629
-0.6883425725045003
-0.7703081553074942
-0.7898871485479324
-0.776744461612771
-0.7567560450688955
-0.7134250428337272
-0.6551887998149539
-0.6142847699229961
-0.5872984091598275
-0.5496587237558967
-0.5114767808118428
-0.4678414530734667
-0.4089039548284472
-0.3592837713758339
-0.308688933950479
-0.24713594161814334
-0.19440276837535708
-0.14065838604005765
-0.09164711153330218
-0.05863319057910166
-0.011646014580467767
0.0459860819265856
0.08430475018596884
0.11863926920750001
0.1722273619488488
0.232605071380677
0.283920809802506
0.3311306528988741
0.38248631590221693
0.45017709442407283
0.5333833410353853
0.5969108057580401
0.6534851569679041
0.7432093441951269
