0.0
0.0167892026767
0.0522286985405
0.0894510848793
0.129539818608
0.177001802704
0.220348455149
0.263078193517
0.308989141802
0.363105958972
0.42361379788
0.486657324693
0.552728753574
0.610578878292
0.666763972861
0.732574383016
0.817340651361
0.897520716462
0.984716647842
1.07643792145
1.16741618916
1.25542942229
1.33869463168
1.42069545487
1.51019322179
1.59019247982
1.67279754606
1.75843826323
1.84414929575
1.92091782207
2.01076623431
2.10994980744
2.20702601947
2.30384746701
2.39512186769
2.48152900903
2.56885564098
2.66103116466
2.7552960818
2.84696064048
2.94507473709
3.04739536167
3.17380817586
3.31767155755
3.4825258066
3.66270355751
3.84817115437
4.03819014999
4.22826265467
4.39766214158
4.56523615671
4.663603739
4.70171359246
4.62722540994
4.4236415275
4.0855777825
3.63574543731
3.05625028866
2.4498774651
1.87813152334
1.3528592266
0.867239365126
0.497548821657
0.194561109168
-0.0688988108787
-0.325770349869
-0.544137951155
-0.732130753416
-0.837638150855
-0.865108066627
-0.831602649695
-0.773972130441
-0.711587288154
-0.680253898928
-0.63050630821
-0.589824260093
-0.546626735419
-0.499164000547
-0.447988687256
-0.406000028992
-0.366833139496
-0.318785451608
-0.270318650443
-0.22751176701
-0.188856273324
-0.144310847674
-0.0974638929002
-0.0519223636213
-0.011275065377
0.0251840029299
0.0600886938145
0.0989242417261
0.128654259555
0.154855561764
0.176832168538
0.212370702427
0.244146123553
0.273302332576
0.305244141352
0.338381050086
0.360797680589
