0.0
0.014475173248716389
0.04078144994324706
0.05545465740450539
0.09922187308918506
0.14472836278986112
0.19688607856366458
0.24545014608169113
0.2947145260469911
0.34745099876246777
0.3985139267391629
0.4493563629529023
0.4974566949335353
0.5580037786407226
0.6248856632087484
0.6985271639998738
0.7805969357737602
0.8699048207799351
0.9612237733432107
1.0429211672332226
1.1352537724232739
1.2327234405200829
1.3312631993637338
1.4210413516445723
1.5128632170593403
1.6018960069368777
1.6915374912232166
1.7852874909773937
1.8768559199369472
1.9665845817960705
2.049497909363801
2.1327789854895323
2.224363655336677
2.3184709221460604
2.4102152519872844
2.501552378899874
2.593170831218853
2.6932575238206997
2.798251569265984
2.9048539035257654
3.0169161786808525
3.14278790650436
3.2778809248905496
3.4229845177851823
3.577176643832221
3.73019757950221
3.8939641586334206
4.047387613656095
4.2009247750043786
4.353684547185824
4.470041652389668
4.5673353316037595
4.541923873775406
4.423041517381235
4.214571210898357
3.8995323912808963
3.510166138841007
3.0564190126894832
2.564450591281073
2.052897516720101
1.5386707820304073
1.0569262234516419
0.6471730055366671
0.29289534303986253
0.013494108966243257
-0.1820234205267861
-0.31769449388898896
-0.4282570998744595
-0.50754298535689
-0.543600881981892
-0.5844798111945835
-0.602470138282365
-0.6048662041085706
-0.5928327189291271
-0.5661831523053678
-0.5452167394198102
-0.5213077890978781
-0.48516150270184766
-0.4401975983361266
-0.40769028969214616
-0.3749175748794358
-0.33768247216198866
-0.29488124690235074
-0.2582468076184181
-0.21462331744917007
-0.175993022558383
-0.132709184445562
-0.09242147980156667
-0.056827633346066664
-0.023326003634253745
0.005560232805280174
0.03611713231666969
0.06538754861045393
0.09750594162025517
0.1348913409674235
0.16435049535292912
0.19500694968233356
0.22129979064798866
0.26040006906237145
0.2855601518404435
0.304217544125879
